{
 "cells": [
  {
   "cell_type": "markdown",
   "metadata": {},
   "source": [
    "#First let's read our project data after i transfer it to .csv file format"
   ]
  },
  {
   "cell_type": "code",
   "execution_count": 1,
   "metadata": {},
   "outputs": [
    {
     "data": {
      "text/plain": [
       "(    Ag     Au      As     Ba    Ce    Co     Cr     Cu    La    Nb    Ni  \\\n",
       " 0  0.2   0.07   165.0  489.0  44.0  18.0  144.0   58.0  15.0  15.0  63.0   \n",
       " 1  3.9  12.12  2926.0  403.0  42.0  21.0  117.0  159.0  13.0  13.0  34.0   \n",
       " 2  0.1   0.08   359.0  817.0  45.0  23.0  140.0   74.0  17.0  13.0  29.0   \n",
       " 3  0.1   0.27   990.0  401.0  51.0  17.0  137.0   52.0  16.0  16.0  32.0   \n",
       " 4  0.4   0.07   186.0  673.0  46.0  19.0  133.0   56.0  17.0  14.0  71.0   \n",
       " \n",
       "       Pb     Sr      V     Zn     Zr  \n",
       " 0   12.0  310.0  131.0   90.0  131.0  \n",
       " 1  160.0  119.0  123.0  157.0  120.0  \n",
       " 2   19.0  203.0  155.0  118.0  143.0  \n",
       " 3   20.0  143.0  136.0   88.0  122.0  \n",
       " 4    9.0  128.0  147.0  103.0  154.0  ,\n",
       " (970663, 16))"
      ]
     },
     "execution_count": 1,
     "metadata": {},
     "output_type": "execute_result"
    }
   ],
   "source": [
    "# We import numpy and pandas in order able to read our data file\n",
    "%matplotlib inline\n",
    "import numpy as np\n",
    "import pandas as pd\n",
    "\n",
    "# we read the csv data\n",
    "df = pd.read_csv('./project-data/chemical_project_Data_Set.csv')\n",
    "\n",
    "# after reading the file we take a look to the head of our data and it's shape\n",
    "df.head() , df.shape"
   ]
  },
  {
   "cell_type": "code",
   "execution_count": 2,
   "metadata": {},
   "outputs": [
    {
     "data": {
      "text/plain": [
       "Ag    float64\n",
       "Au    float64\n",
       "As    float64\n",
       "Ba    float64\n",
       "Ce    float64\n",
       "Co    float64\n",
       "Cr    float64\n",
       "Cu    float64\n",
       "La    float64\n",
       "Nb    float64\n",
       "Ni    float64\n",
       "Pb    float64\n",
       "Sr    float64\n",
       "V     float64\n",
       "Zn    float64\n",
       "Zr    float64\n",
       "dtype: object"
      ]
     },
     "execution_count": 2,
     "metadata": {},
     "output_type": "execute_result"
    }
   ],
   "source": [
    "# Let's find out what of data types we have\n",
    "df.dtypes"
   ]
  },
  {
   "cell_type": "code",
   "execution_count": 3,
   "metadata": {},
   "outputs": [
    {
     "data": {
      "text/html": [
       "<div>\n",
       "<style scoped>\n",
       "    .dataframe tbody tr th:only-of-type {\n",
       "        vertical-align: middle;\n",
       "    }\n",
       "\n",
       "    .dataframe tbody tr th {\n",
       "        vertical-align: top;\n",
       "    }\n",
       "\n",
       "    .dataframe thead th {\n",
       "        text-align: right;\n",
       "    }\n",
       "</style>\n",
       "<table border=\"1\" class=\"dataframe\">\n",
       "  <thead>\n",
       "    <tr style=\"text-align: right;\">\n",
       "      <th></th>\n",
       "      <th>count</th>\n",
       "      <th>mean</th>\n",
       "      <th>std</th>\n",
       "      <th>min</th>\n",
       "      <th>25%</th>\n",
       "      <th>50%</th>\n",
       "      <th>75%</th>\n",
       "      <th>max</th>\n",
       "    </tr>\n",
       "  </thead>\n",
       "  <tbody>\n",
       "    <tr>\n",
       "      <th>Ag</th>\n",
       "      <td>11359.0</td>\n",
       "      <td>1.656592</td>\n",
       "      <td>8.738994</td>\n",
       "      <td>-1.00</td>\n",
       "      <td>0.9000</td>\n",
       "      <td>1.000</td>\n",
       "      <td>1.0000</td>\n",
       "      <td>327.73</td>\n",
       "    </tr>\n",
       "    <tr>\n",
       "      <th>Au</th>\n",
       "      <td>11359.0</td>\n",
       "      <td>0.246724</td>\n",
       "      <td>2.771523</td>\n",
       "      <td>0.01</td>\n",
       "      <td>0.0200</td>\n",
       "      <td>0.020</td>\n",
       "      <td>0.0200</td>\n",
       "      <td>141.00</td>\n",
       "    </tr>\n",
       "    <tr>\n",
       "      <th>As</th>\n",
       "      <td>11359.0</td>\n",
       "      <td>232.941783</td>\n",
       "      <td>1179.136518</td>\n",
       "      <td>-50.00</td>\n",
       "      <td>5.5000</td>\n",
       "      <td>5.500</td>\n",
       "      <td>13.1700</td>\n",
       "      <td>34670.00</td>\n",
       "    </tr>\n",
       "    <tr>\n",
       "      <th>Ba</th>\n",
       "      <td>11359.0</td>\n",
       "      <td>476.574161</td>\n",
       "      <td>407.812731</td>\n",
       "      <td>-10.00</td>\n",
       "      <td>163.8600</td>\n",
       "      <td>449.830</td>\n",
       "      <td>720.3850</td>\n",
       "      <td>11020.92</td>\n",
       "    </tr>\n",
       "    <tr>\n",
       "      <th>Ce</th>\n",
       "      <td>9222.0</td>\n",
       "      <td>123.605136</td>\n",
       "      <td>684.183616</td>\n",
       "      <td>-10.00</td>\n",
       "      <td>21.0900</td>\n",
       "      <td>27.855</td>\n",
       "      <td>67.7825</td>\n",
       "      <td>54043.24</td>\n",
       "    </tr>\n",
       "    <tr>\n",
       "      <th>Co</th>\n",
       "      <td>10628.0</td>\n",
       "      <td>14.110398</td>\n",
       "      <td>24.872991</td>\n",
       "      <td>-5.00</td>\n",
       "      <td>3.3775</td>\n",
       "      <td>6.680</td>\n",
       "      <td>16.0000</td>\n",
       "      <td>994.04</td>\n",
       "    </tr>\n",
       "    <tr>\n",
       "      <th>Cr</th>\n",
       "      <td>11359.0</td>\n",
       "      <td>99.604403</td>\n",
       "      <td>345.053830</td>\n",
       "      <td>-10.00</td>\n",
       "      <td>7.9700</td>\n",
       "      <td>19.210</td>\n",
       "      <td>42.8100</td>\n",
       "      <td>3697.95</td>\n",
       "    </tr>\n",
       "    <tr>\n",
       "      <th>Cu</th>\n",
       "      <td>11359.0</td>\n",
       "      <td>502.665644</td>\n",
       "      <td>1663.132188</td>\n",
       "      <td>0.50</td>\n",
       "      <td>15.5700</td>\n",
       "      <td>77.900</td>\n",
       "      <td>661.4750</td>\n",
       "      <td>128000.00</td>\n",
       "    </tr>\n",
       "    <tr>\n",
       "      <th>La</th>\n",
       "      <td>10441.0</td>\n",
       "      <td>50.781361</td>\n",
       "      <td>346.453271</td>\n",
       "      <td>-20.00</td>\n",
       "      <td>10.5100</td>\n",
       "      <td>13.600</td>\n",
       "      <td>22.4600</td>\n",
       "      <td>31867.43</td>\n",
       "    </tr>\n",
       "    <tr>\n",
       "      <th>Nb</th>\n",
       "      <td>11359.0</td>\n",
       "      <td>131.022447</td>\n",
       "      <td>548.032378</td>\n",
       "      <td>-40.00</td>\n",
       "      <td>10.0000</td>\n",
       "      <td>11.220</td>\n",
       "      <td>19.0600</td>\n",
       "      <td>15028.57</td>\n",
       "    </tr>\n",
       "    <tr>\n",
       "      <th>Ni</th>\n",
       "      <td>11359.0</td>\n",
       "      <td>67.347344</td>\n",
       "      <td>454.283230</td>\n",
       "      <td>-10.00</td>\n",
       "      <td>3.5650</td>\n",
       "      <td>9.690</td>\n",
       "      <td>28.0000</td>\n",
       "      <td>38086.77</td>\n",
       "    </tr>\n",
       "    <tr>\n",
       "      <th>Pb</th>\n",
       "      <td>11359.0</td>\n",
       "      <td>47.219834</td>\n",
       "      <td>351.967952</td>\n",
       "      <td>-10.00</td>\n",
       "      <td>7.5000</td>\n",
       "      <td>10.000</td>\n",
       "      <td>21.3100</td>\n",
       "      <td>20957.87</td>\n",
       "    </tr>\n",
       "    <tr>\n",
       "      <th>Sr</th>\n",
       "      <td>10079.0</td>\n",
       "      <td>458.662965</td>\n",
       "      <td>608.861918</td>\n",
       "      <td>1.00</td>\n",
       "      <td>112.1400</td>\n",
       "      <td>342.100</td>\n",
       "      <td>698.7550</td>\n",
       "      <td>18696.64</td>\n",
       "    </tr>\n",
       "    <tr>\n",
       "      <th>V</th>\n",
       "      <td>10946.0</td>\n",
       "      <td>76.399476</td>\n",
       "      <td>82.303674</td>\n",
       "      <td>0.00</td>\n",
       "      <td>27.7750</td>\n",
       "      <td>50.085</td>\n",
       "      <td>91.8725</td>\n",
       "      <td>915.00</td>\n",
       "    </tr>\n",
       "    <tr>\n",
       "      <th>Zn</th>\n",
       "      <td>11359.0</td>\n",
       "      <td>243.567908</td>\n",
       "      <td>1183.588061</td>\n",
       "      <td>-0.50</td>\n",
       "      <td>37.1400</td>\n",
       "      <td>57.660</td>\n",
       "      <td>111.1700</td>\n",
       "      <td>34148.16</td>\n",
       "    </tr>\n",
       "    <tr>\n",
       "      <th>Zr</th>\n",
       "      <td>11359.0</td>\n",
       "      <td>619.035072</td>\n",
       "      <td>2533.214109</td>\n",
       "      <td>-250.00</td>\n",
       "      <td>26.5700</td>\n",
       "      <td>68.560</td>\n",
       "      <td>169.0000</td>\n",
       "      <td>48776.31</td>\n",
       "    </tr>\n",
       "  </tbody>\n",
       "</table>\n",
       "</div>"
      ],
      "text/plain": [
       "      count        mean          std     min       25%      50%       75%  \\\n",
       "Ag  11359.0    1.656592     8.738994   -1.00    0.9000    1.000    1.0000   \n",
       "Au  11359.0    0.246724     2.771523    0.01    0.0200    0.020    0.0200   \n",
       "As  11359.0  232.941783  1179.136518  -50.00    5.5000    5.500   13.1700   \n",
       "Ba  11359.0  476.574161   407.812731  -10.00  163.8600  449.830  720.3850   \n",
       "Ce   9222.0  123.605136   684.183616  -10.00   21.0900   27.855   67.7825   \n",
       "Co  10628.0   14.110398    24.872991   -5.00    3.3775    6.680   16.0000   \n",
       "Cr  11359.0   99.604403   345.053830  -10.00    7.9700   19.210   42.8100   \n",
       "Cu  11359.0  502.665644  1663.132188    0.50   15.5700   77.900  661.4750   \n",
       "La  10441.0   50.781361   346.453271  -20.00   10.5100   13.600   22.4600   \n",
       "Nb  11359.0  131.022447   548.032378  -40.00   10.0000   11.220   19.0600   \n",
       "Ni  11359.0   67.347344   454.283230  -10.00    3.5650    9.690   28.0000   \n",
       "Pb  11359.0   47.219834   351.967952  -10.00    7.5000   10.000   21.3100   \n",
       "Sr  10079.0  458.662965   608.861918    1.00  112.1400  342.100  698.7550   \n",
       "V   10946.0   76.399476    82.303674    0.00   27.7750   50.085   91.8725   \n",
       "Zn  11359.0  243.567908  1183.588061   -0.50   37.1400   57.660  111.1700   \n",
       "Zr  11359.0  619.035072  2533.214109 -250.00   26.5700   68.560  169.0000   \n",
       "\n",
       "          max  \n",
       "Ag     327.73  \n",
       "Au     141.00  \n",
       "As   34670.00  \n",
       "Ba   11020.92  \n",
       "Ce   54043.24  \n",
       "Co     994.04  \n",
       "Cr    3697.95  \n",
       "Cu  128000.00  \n",
       "La   31867.43  \n",
       "Nb   15028.57  \n",
       "Ni   38086.77  \n",
       "Pb   20957.87  \n",
       "Sr   18696.64  \n",
       "V      915.00  \n",
       "Zn   34148.16  \n",
       "Zr   48776.31  "
      ]
     },
     "execution_count": 3,
     "metadata": {},
     "output_type": "execute_result"
    }
   ],
   "source": [
    "#Let's describe our data\n",
    "df.describe().T"
   ]
  },
  {
   "cell_type": "code",
   "execution_count": 4,
   "metadata": {},
   "outputs": [
    {
     "data": {
      "text/html": [
       "<div>\n",
       "<style scoped>\n",
       "    .dataframe tbody tr th:only-of-type {\n",
       "        vertical-align: middle;\n",
       "    }\n",
       "\n",
       "    .dataframe tbody tr th {\n",
       "        vertical-align: top;\n",
       "    }\n",
       "\n",
       "    .dataframe thead th {\n",
       "        text-align: right;\n",
       "    }\n",
       "</style>\n",
       "<table border=\"1\" class=\"dataframe\">\n",
       "  <thead>\n",
       "    <tr style=\"text-align: right;\">\n",
       "      <th></th>\n",
       "      <th>Ag</th>\n",
       "      <th>Au</th>\n",
       "      <th>As</th>\n",
       "      <th>Ba</th>\n",
       "      <th>Ce</th>\n",
       "      <th>Co</th>\n",
       "      <th>Cr</th>\n",
       "      <th>Cu</th>\n",
       "      <th>La</th>\n",
       "      <th>Nb</th>\n",
       "      <th>Ni</th>\n",
       "      <th>Pb</th>\n",
       "      <th>Sr</th>\n",
       "      <th>V</th>\n",
       "      <th>Zn</th>\n",
       "      <th>Zr</th>\n",
       "    </tr>\n",
       "  </thead>\n",
       "  <tbody>\n",
       "    <tr>\n",
       "      <th>Ag</th>\n",
       "      <td>1.000000</td>\n",
       "      <td>0.093292</td>\n",
       "      <td>0.035081</td>\n",
       "      <td>-0.056847</td>\n",
       "      <td>0.050730</td>\n",
       "      <td>-0.011359</td>\n",
       "      <td>-0.027185</td>\n",
       "      <td>0.239370</td>\n",
       "      <td>0.053730</td>\n",
       "      <td>0.022828</td>\n",
       "      <td>-0.005096</td>\n",
       "      <td>0.096917</td>\n",
       "      <td>0.388038</td>\n",
       "      <td>-0.056049</td>\n",
       "      <td>0.092593</td>\n",
       "      <td>0.008740</td>\n",
       "    </tr>\n",
       "    <tr>\n",
       "      <th>Au</th>\n",
       "      <td>0.093292</td>\n",
       "      <td>1.000000</td>\n",
       "      <td>0.211616</td>\n",
       "      <td>0.006532</td>\n",
       "      <td>-0.005308</td>\n",
       "      <td>-0.019325</td>\n",
       "      <td>-0.012461</td>\n",
       "      <td>-0.013154</td>\n",
       "      <td>-0.002543</td>\n",
       "      <td>-0.017210</td>\n",
       "      <td>-0.005331</td>\n",
       "      <td>0.045494</td>\n",
       "      <td>-0.004644</td>\n",
       "      <td>-0.010634</td>\n",
       "      <td>0.023565</td>\n",
       "      <td>-0.015923</td>\n",
       "    </tr>\n",
       "    <tr>\n",
       "      <th>As</th>\n",
       "      <td>0.035081</td>\n",
       "      <td>0.211616</td>\n",
       "      <td>1.000000</td>\n",
       "      <td>0.034860</td>\n",
       "      <td>-0.022145</td>\n",
       "      <td>-0.015013</td>\n",
       "      <td>-0.014868</td>\n",
       "      <td>-0.042573</td>\n",
       "      <td>-0.015882</td>\n",
       "      <td>-0.039949</td>\n",
       "      <td>-0.009937</td>\n",
       "      <td>0.018405</td>\n",
       "      <td>-0.069458</td>\n",
       "      <td>0.055613</td>\n",
       "      <td>-0.009913</td>\n",
       "      <td>-0.033981</td>\n",
       "    </tr>\n",
       "    <tr>\n",
       "      <th>Ba</th>\n",
       "      <td>-0.056847</td>\n",
       "      <td>0.006532</td>\n",
       "      <td>0.034860</td>\n",
       "      <td>1.000000</td>\n",
       "      <td>-0.137121</td>\n",
       "      <td>-0.208901</td>\n",
       "      <td>-0.182691</td>\n",
       "      <td>0.061879</td>\n",
       "      <td>-0.099728</td>\n",
       "      <td>-0.224919</td>\n",
       "      <td>-0.114206</td>\n",
       "      <td>-0.003070</td>\n",
       "      <td>0.288675</td>\n",
       "      <td>-0.102070</td>\n",
       "      <td>-0.089741</td>\n",
       "      <td>-0.214343</td>\n",
       "    </tr>\n",
       "    <tr>\n",
       "      <th>Ce</th>\n",
       "      <td>0.050730</td>\n",
       "      <td>-0.005308</td>\n",
       "      <td>-0.022145</td>\n",
       "      <td>-0.137121</td>\n",
       "      <td>1.000000</td>\n",
       "      <td>-0.042517</td>\n",
       "      <td>-0.026676</td>\n",
       "      <td>-0.032374</td>\n",
       "      <td>0.950244</td>\n",
       "      <td>0.145613</td>\n",
       "      <td>-0.008562</td>\n",
       "      <td>0.036907</td>\n",
       "      <td>-0.000131</td>\n",
       "      <td>-0.089866</td>\n",
       "      <td>0.057952</td>\n",
       "      <td>0.122657</td>\n",
       "    </tr>\n",
       "    <tr>\n",
       "      <th>Co</th>\n",
       "      <td>-0.011359</td>\n",
       "      <td>-0.019325</td>\n",
       "      <td>-0.015013</td>\n",
       "      <td>-0.208901</td>\n",
       "      <td>-0.042517</td>\n",
       "      <td>1.000000</td>\n",
       "      <td>0.721017</td>\n",
       "      <td>0.224775</td>\n",
       "      <td>-0.038903</td>\n",
       "      <td>-0.058077</td>\n",
       "      <td>0.745676</td>\n",
       "      <td>0.004525</td>\n",
       "      <td>-0.040676</td>\n",
       "      <td>0.530810</td>\n",
       "      <td>0.001727</td>\n",
       "      <td>-0.053292</td>\n",
       "    </tr>\n",
       "    <tr>\n",
       "      <th>Cr</th>\n",
       "      <td>-0.027185</td>\n",
       "      <td>-0.012461</td>\n",
       "      <td>-0.014868</td>\n",
       "      <td>-0.182691</td>\n",
       "      <td>-0.026676</td>\n",
       "      <td>0.721017</td>\n",
       "      <td>1.000000</td>\n",
       "      <td>0.048590</td>\n",
       "      <td>-0.028178</td>\n",
       "      <td>-0.056529</td>\n",
       "      <td>0.467140</td>\n",
       "      <td>-0.013901</td>\n",
       "      <td>-0.031603</td>\n",
       "      <td>0.280356</td>\n",
       "      <td>-0.025834</td>\n",
       "      <td>-0.058004</td>\n",
       "    </tr>\n",
       "    <tr>\n",
       "      <th>Cu</th>\n",
       "      <td>0.239370</td>\n",
       "      <td>-0.013154</td>\n",
       "      <td>-0.042573</td>\n",
       "      <td>0.061879</td>\n",
       "      <td>-0.032374</td>\n",
       "      <td>0.224775</td>\n",
       "      <td>0.048590</td>\n",
       "      <td>1.000000</td>\n",
       "      <td>-0.026157</td>\n",
       "      <td>-0.059985</td>\n",
       "      <td>0.257789</td>\n",
       "      <td>0.005598</td>\n",
       "      <td>0.064962</td>\n",
       "      <td>-0.002399</td>\n",
       "      <td>0.107022</td>\n",
       "      <td>-0.064578</td>\n",
       "    </tr>\n",
       "    <tr>\n",
       "      <th>La</th>\n",
       "      <td>0.053730</td>\n",
       "      <td>-0.002543</td>\n",
       "      <td>-0.015882</td>\n",
       "      <td>-0.099728</td>\n",
       "      <td>0.950244</td>\n",
       "      <td>-0.038903</td>\n",
       "      <td>-0.028178</td>\n",
       "      <td>-0.026157</td>\n",
       "      <td>1.000000</td>\n",
       "      <td>0.104269</td>\n",
       "      <td>-0.012754</td>\n",
       "      <td>0.034347</td>\n",
       "      <td>0.010861</td>\n",
       "      <td>-0.079757</td>\n",
       "      <td>0.049093</td>\n",
       "      <td>0.097620</td>\n",
       "    </tr>\n",
       "    <tr>\n",
       "      <th>Nb</th>\n",
       "      <td>0.022828</td>\n",
       "      <td>-0.017210</td>\n",
       "      <td>-0.039949</td>\n",
       "      <td>-0.224919</td>\n",
       "      <td>0.145613</td>\n",
       "      <td>-0.058077</td>\n",
       "      <td>-0.056529</td>\n",
       "      <td>-0.059985</td>\n",
       "      <td>0.104269</td>\n",
       "      <td>1.000000</td>\n",
       "      <td>-0.024545</td>\n",
       "      <td>0.320277</td>\n",
       "      <td>-0.110907</td>\n",
       "      <td>-0.178947</td>\n",
       "      <td>0.643857</td>\n",
       "      <td>0.867947</td>\n",
       "    </tr>\n",
       "    <tr>\n",
       "      <th>Ni</th>\n",
       "      <td>-0.005096</td>\n",
       "      <td>-0.005331</td>\n",
       "      <td>-0.009937</td>\n",
       "      <td>-0.114206</td>\n",
       "      <td>-0.008562</td>\n",
       "      <td>0.745676</td>\n",
       "      <td>0.467140</td>\n",
       "      <td>0.257789</td>\n",
       "      <td>-0.012754</td>\n",
       "      <td>-0.024545</td>\n",
       "      <td>1.000000</td>\n",
       "      <td>-0.007441</td>\n",
       "      <td>-0.041256</td>\n",
       "      <td>0.149723</td>\n",
       "      <td>-0.009440</td>\n",
       "      <td>-0.025370</td>\n",
       "    </tr>\n",
       "    <tr>\n",
       "      <th>Pb</th>\n",
       "      <td>0.096917</td>\n",
       "      <td>0.045494</td>\n",
       "      <td>0.018405</td>\n",
       "      <td>-0.003070</td>\n",
       "      <td>0.036907</td>\n",
       "      <td>0.004525</td>\n",
       "      <td>-0.013901</td>\n",
       "      <td>0.005598</td>\n",
       "      <td>0.034347</td>\n",
       "      <td>0.320277</td>\n",
       "      <td>-0.007441</td>\n",
       "      <td>1.000000</td>\n",
       "      <td>-0.058603</td>\n",
       "      <td>-0.030666</td>\n",
       "      <td>0.591684</td>\n",
       "      <td>0.383317</td>\n",
       "    </tr>\n",
       "    <tr>\n",
       "      <th>Sr</th>\n",
       "      <td>0.388038</td>\n",
       "      <td>-0.004644</td>\n",
       "      <td>-0.069458</td>\n",
       "      <td>0.288675</td>\n",
       "      <td>-0.000131</td>\n",
       "      <td>-0.040676</td>\n",
       "      <td>-0.031603</td>\n",
       "      <td>0.064962</td>\n",
       "      <td>0.010861</td>\n",
       "      <td>-0.110907</td>\n",
       "      <td>-0.041256</td>\n",
       "      <td>-0.058603</td>\n",
       "      <td>1.000000</td>\n",
       "      <td>0.031852</td>\n",
       "      <td>-0.093301</td>\n",
       "      <td>-0.118794</td>\n",
       "    </tr>\n",
       "    <tr>\n",
       "      <th>V</th>\n",
       "      <td>-0.056049</td>\n",
       "      <td>-0.010634</td>\n",
       "      <td>0.055613</td>\n",
       "      <td>-0.102070</td>\n",
       "      <td>-0.089866</td>\n",
       "      <td>0.530810</td>\n",
       "      <td>0.280356</td>\n",
       "      <td>-0.002399</td>\n",
       "      <td>-0.079757</td>\n",
       "      <td>-0.178947</td>\n",
       "      <td>0.149723</td>\n",
       "      <td>-0.030666</td>\n",
       "      <td>0.031852</td>\n",
       "      <td>1.000000</td>\n",
       "      <td>-0.089262</td>\n",
       "      <td>-0.180137</td>\n",
       "    </tr>\n",
       "    <tr>\n",
       "      <th>Zn</th>\n",
       "      <td>0.092593</td>\n",
       "      <td>0.023565</td>\n",
       "      <td>-0.009913</td>\n",
       "      <td>-0.089741</td>\n",
       "      <td>0.057952</td>\n",
       "      <td>0.001727</td>\n",
       "      <td>-0.025834</td>\n",
       "      <td>0.107022</td>\n",
       "      <td>0.049093</td>\n",
       "      <td>0.643857</td>\n",
       "      <td>-0.009440</td>\n",
       "      <td>0.591684</td>\n",
       "      <td>-0.093301</td>\n",
       "      <td>-0.089262</td>\n",
       "      <td>1.000000</td>\n",
       "      <td>0.729957</td>\n",
       "    </tr>\n",
       "    <tr>\n",
       "      <th>Zr</th>\n",
       "      <td>0.008740</td>\n",
       "      <td>-0.015923</td>\n",
       "      <td>-0.033981</td>\n",
       "      <td>-0.214343</td>\n",
       "      <td>0.122657</td>\n",
       "      <td>-0.053292</td>\n",
       "      <td>-0.058004</td>\n",
       "      <td>-0.064578</td>\n",
       "      <td>0.097620</td>\n",
       "      <td>0.867947</td>\n",
       "      <td>-0.025370</td>\n",
       "      <td>0.383317</td>\n",
       "      <td>-0.118794</td>\n",
       "      <td>-0.180137</td>\n",
       "      <td>0.729957</td>\n",
       "      <td>1.000000</td>\n",
       "    </tr>\n",
       "  </tbody>\n",
       "</table>\n",
       "</div>"
      ],
      "text/plain": [
       "          Ag        Au        As        Ba        Ce        Co        Cr  \\\n",
       "Ag  1.000000  0.093292  0.035081 -0.056847  0.050730 -0.011359 -0.027185   \n",
       "Au  0.093292  1.000000  0.211616  0.006532 -0.005308 -0.019325 -0.012461   \n",
       "As  0.035081  0.211616  1.000000  0.034860 -0.022145 -0.015013 -0.014868   \n",
       "Ba -0.056847  0.006532  0.034860  1.000000 -0.137121 -0.208901 -0.182691   \n",
       "Ce  0.050730 -0.005308 -0.022145 -0.137121  1.000000 -0.042517 -0.026676   \n",
       "Co -0.011359 -0.019325 -0.015013 -0.208901 -0.042517  1.000000  0.721017   \n",
       "Cr -0.027185 -0.012461 -0.014868 -0.182691 -0.026676  0.721017  1.000000   \n",
       "Cu  0.239370 -0.013154 -0.042573  0.061879 -0.032374  0.224775  0.048590   \n",
       "La  0.053730 -0.002543 -0.015882 -0.099728  0.950244 -0.038903 -0.028178   \n",
       "Nb  0.022828 -0.017210 -0.039949 -0.224919  0.145613 -0.058077 -0.056529   \n",
       "Ni -0.005096 -0.005331 -0.009937 -0.114206 -0.008562  0.745676  0.467140   \n",
       "Pb  0.096917  0.045494  0.018405 -0.003070  0.036907  0.004525 -0.013901   \n",
       "Sr  0.388038 -0.004644 -0.069458  0.288675 -0.000131 -0.040676 -0.031603   \n",
       "V  -0.056049 -0.010634  0.055613 -0.102070 -0.089866  0.530810  0.280356   \n",
       "Zn  0.092593  0.023565 -0.009913 -0.089741  0.057952  0.001727 -0.025834   \n",
       "Zr  0.008740 -0.015923 -0.033981 -0.214343  0.122657 -0.053292 -0.058004   \n",
       "\n",
       "          Cu        La        Nb        Ni        Pb        Sr         V  \\\n",
       "Ag  0.239370  0.053730  0.022828 -0.005096  0.096917  0.388038 -0.056049   \n",
       "Au -0.013154 -0.002543 -0.017210 -0.005331  0.045494 -0.004644 -0.010634   \n",
       "As -0.042573 -0.015882 -0.039949 -0.009937  0.018405 -0.069458  0.055613   \n",
       "Ba  0.061879 -0.099728 -0.224919 -0.114206 -0.003070  0.288675 -0.102070   \n",
       "Ce -0.032374  0.950244  0.145613 -0.008562  0.036907 -0.000131 -0.089866   \n",
       "Co  0.224775 -0.038903 -0.058077  0.745676  0.004525 -0.040676  0.530810   \n",
       "Cr  0.048590 -0.028178 -0.056529  0.467140 -0.013901 -0.031603  0.280356   \n",
       "Cu  1.000000 -0.026157 -0.059985  0.257789  0.005598  0.064962 -0.002399   \n",
       "La -0.026157  1.000000  0.104269 -0.012754  0.034347  0.010861 -0.079757   \n",
       "Nb -0.059985  0.104269  1.000000 -0.024545  0.320277 -0.110907 -0.178947   \n",
       "Ni  0.257789 -0.012754 -0.024545  1.000000 -0.007441 -0.041256  0.149723   \n",
       "Pb  0.005598  0.034347  0.320277 -0.007441  1.000000 -0.058603 -0.030666   \n",
       "Sr  0.064962  0.010861 -0.110907 -0.041256 -0.058603  1.000000  0.031852   \n",
       "V  -0.002399 -0.079757 -0.178947  0.149723 -0.030666  0.031852  1.000000   \n",
       "Zn  0.107022  0.049093  0.643857 -0.009440  0.591684 -0.093301 -0.089262   \n",
       "Zr -0.064578  0.097620  0.867947 -0.025370  0.383317 -0.118794 -0.180137   \n",
       "\n",
       "          Zn        Zr  \n",
       "Ag  0.092593  0.008740  \n",
       "Au  0.023565 -0.015923  \n",
       "As -0.009913 -0.033981  \n",
       "Ba -0.089741 -0.214343  \n",
       "Ce  0.057952  0.122657  \n",
       "Co  0.001727 -0.053292  \n",
       "Cr -0.025834 -0.058004  \n",
       "Cu  0.107022 -0.064578  \n",
       "La  0.049093  0.097620  \n",
       "Nb  0.643857  0.867947  \n",
       "Ni -0.009440 -0.025370  \n",
       "Pb  0.591684  0.383317  \n",
       "Sr -0.093301 -0.118794  \n",
       "V  -0.089262 -0.180137  \n",
       "Zn  1.000000  0.729957  \n",
       "Zr  0.729957  1.000000  "
      ]
     },
     "execution_count": 4,
     "metadata": {},
     "output_type": "execute_result"
    }
   ],
   "source": [
    "#Now lt's begain by creating correlations between our data\n",
    "corr = df.corr()\n",
    "corr"
   ]
  },
  {
   "cell_type": "code",
   "execution_count": 5,
   "metadata": {},
   "outputs": [
    {
     "data": {
      "text/plain": [
       "<AxesSubplot:>"
      ]
     },
     "execution_count": 5,
     "metadata": {},
     "output_type": "execute_result"
    },
    {
     "data": {
